07071157479
07071196474
07071181353
22061293829
17051198123
22061291575
08071194230
16061165715
10061268001
24061281076
07071280823
17061181253
01071256177
07071294808
08071255760
09071250994
10071290560
11071288309
13071253826
15071250161
04061281024
15071258952
05061264428
17071262103
18071251639
18071251477
18071250845
18071268418
20071258786
18071288605
20071299954
03061367518
04061361443
03061390447
05061375114
08061392786
08061351184
08061364960
09061381020
11061388763
09061387053
11061388844
12061368696
12061381714
18061364508
19061369352
20061351214
20061380923
23061359427
24061382204
23061373268
25051367890
25051395282
25051390205
04071370955
04071395605
21061353183
06071386080
20051381212
23051358805
23051360591
16051351359
16051389704
18051376753
16051392365
18051399664
14061361414
21051351182
19051360101
31051389428
23051364260
02061390750
28061392728
01061362572
29061353257
29061388212
30061353549
26061496601
30061372195
27061452678
29061455874
28061489683
29061472590
30061481709
13071482124
11071490965
14071498582
01071475340
01071490056
03071468150
23061451080
04071463031
04071468947
25061476485
07061481669
07061452707
24061454248
08061454676
02071496956
09071466407
10061471028
09071478995
17061484515
20061465643
20061480197
20061477455
17071456870
15071497213
16071496892
17071466914
11061463862
19071471201
13061488671
14061450174
13061451433
15061456489
18071577488
18071580381
18071576422
19071585983
19071572016
22071591941
23071581322
